avE:0.29248
ESD:0.12308
avRc:4.4179
RcSD:1.6779
MaxRc:15.722
